0.000 0.000
0.011 0.000
0.023 0.000
0.034 0.000
0.045 0.000
0.056 0.000
0.068 0.000
0.079 0.000
0.090 0.000
0.101 0.000
0.113 0.000
0.124 0.000
0.135 0.000
0.146 0.000
0.158 0.000
0.169 0.000
0.180 0.000
0.191 0.000
0.203 0.000
0.214 0.000
0.225 0.000
0.236 0.000
0.248 0.000
0.259 0.000
0.270 0.000
0.281 0.000
0.293 0.000
0.304 0.000
0.315 0.000
0.326 0.000
0.338 0.000
0.349 0.000
0.360 0.000
0.371 0.000
0.383 0.000
0.394 0.000
0.405 0.000
0.416 0.000
0.428 0.000
0.439 0.000
0.450 0.000
0.461 0.000
0.473 0.000
0.484 0.000
0.495 0.000
0.506 0.000
0.518 0.000
0.529 0.000
0.540 0.000
0.551 0.000
0.563 0.000
0.574 0.000
0.585 0.000
0.596 0.000
0.608 0.000
0.619 0.000
0.630 0.000
0.641 0.000
0.653 0.000
0.664 0.000
0.675 0.000
0.686 0.000
0.698 0.000
0.709 0.000
0.720 0.000
0.731 0.000
0.743 0.000
0.754 0.000
0.765 0.000
0.776 0.000
0.788 0.000
0.799 0.000
0.810 0.000
0.821 0.000
0.833 0.000
0.844 0.000
0.855 0.000
0.866 0.000
0.878 0.000
0.889 0.000
0.900 0.000
0.911 0.000
0.923 0.000
0.934 0.000
0.945 0.000
0.956 0.000
0.968 0.000
0.979 0.000
0.990 0.000
1.002 0.000
1.013 0.000
1.024 0.000
1.035 0.000
1.047 0.000
1.058 0.000
1.069 0.000
1.080 0.000
1.092 0.000
1.103 0.000
1.114 0.000
1.125 0.000
1.137 0.000
1.148 0.000
1.159 0.000
1.170 0.000
1.182 0.000
1.193 0.000
1.204 0.000
1.215 0.000
1.227 0.000
1.238 0.000
1.249 0.000
1.260 0.000
1.272 0.000
1.283 0.000
1.294 0.000
1.305 0.000
1.317 0.000
1.328 0.000
1.339 0.000
1.350 0.000
1.362 0.000
1.373 0.000
1.384 0.000
1.395 0.000
1.407 0.000
1.418 0.000
1.429 0.000
1.440 0.000
1.452 0.000
1.463 0.000
1.474 0.000
1.485 0.000
1.497 0.000
1.508 0.000
1.519 0.000
1.530 0.000
1.542 0.000
1.553 0.000
1.564 0.000
1.575 0.000
1.587 0.000
1.598 0.000
1.609 0.000
1.620 0.000
1.632 0.000
1.643 0.000
1.654 0.000
1.665 0.000
1.677 0.000
1.688 0.000
1.699 0.000
1.710 0.000
1.722 0.000
1.733 0.000
1.744 0.000
1.755 0.000
1.767 0.000
1.778 0.000
1.789 0.000
1.800 0.000
1.812 0.000
1.823 0.000
1.834 0.000
1.845 0.000
1.857 0.000
1.868 0.000
1.879 0.000
1.890 0.000
1.902 0.000
1.913 0.000
1.924 0.000
1.935 0.000
1.947 0.000
1.958 0.000
1.969 0.000
1.980 0.000
1.992 0.000
2.003 0.000
2.014 0.000
2.026 0.000
2.037 0.000
2.048 0.000
2.059 0.000
2.071 0.000
2.082 0.000
2.093 0.000
2.104 0.000
2.116 0.000
2.127 0.000
2.138 0.000
2.149 0.000
2.161 0.000
2.172 0.000
2.183 0.000
2.194 0.000
2.206 0.000
2.217 0.000
2.228 0.000
2.239 0.000
2.251 0.000
2.262 0.000
2.273 0.000
2.284 0.000
2.296 0.000
2.307 0.000
2.318 0.000
2.329 0.000
2.341 0.000
2.352 0.000
2.363 0.000
2.374 0.000
2.386 0.000
2.397 0.000
2.408 0.000
2.419 0.000
2.431 0.000
2.442 0.000
2.453 0.000
2.464 0.000
2.476 0.000
2.487 0.000
2.498 0.000
2.509 0.000
2.521 0.000
2.532 0.000
2.543 0.000
2.554 0.000
2.566 0.000
2.577 0.000
2.588 0.000
2.599 0.000
2.611 0.000
2.622 0.000
2.633 0.000
2.644 0.000
2.656 0.000
2.667 0.000
2.678 0.000
2.689 0.000
2.701 0.000
2.712 0.000
2.723 0.000
2.734 0.000
2.746 0.000
2.757 0.000
2.768 0.000
2.779 0.000
2.791 0.000
2.802 0.000
2.813 0.000
2.824 0.000
2.836 0.000
2.847 0.000
2.858 0.000
2.869 0.000
2.881 0.000
2.892 0.000
2.903 0.000
2.914 0.000
2.926 0.000
2.937 0.000
2.948 0.000
2.959 0.000
2.971 0.000
2.982 0.000
2.993 0.000
3.005 0.000
3.016 0.000
3.027 0.000
3.038 0.000
3.050 0.000
3.061 0.000
3.072 0.000
3.083 0.000
3.095 0.000
3.106 0.000
3.117 0.000
3.128 0.000
3.140 0.000
3.151 0.000
3.162 0.000
3.173 0.000
3.185 0.000
3.196 0.000
3.207 0.000
3.218 0.000
3.230 0.000
3.241 0.000
3.252 0.000
3.263 0.000
3.275 0.000
3.286 0.000
3.297 0.000
3.308 0.000
3.320 0.000
3.331 0.000
3.342 0.000
3.353 0.000
3.365 0.000
3.376 0.000
3.387 0.000
3.398 0.000
3.410 0.000
3.421 0.000
3.432 0.000
3.443 0.000
3.455 0.000
3.466 0.000
3.477 0.000
3.488 0.000
3.500 0.000
3.511 0.000
3.522 0.000
3.533 0.000
3.545 0.000
3.556 0.000
3.567 0.000
3.578 0.000
3.590 0.000
3.601 0.000
3.612 0.000
3.623 0.000
3.635 0.000
3.646 0.000
3.657 0.000
3.668 0.000
3.680 0.000
3.691 0.000
3.702 0.000
3.713 0.000
3.725 0.000
3.736 0.000
3.747 0.000
3.758 0.000
3.770 0.000
3.781 0.000
3.792 0.000
3.803 0.000
3.815 0.000
3.826 0.000
3.837 0.000
3.848 0.000
3.860 0.000
3.871 0.000
3.882 0.000
3.893 0.000
3.905 0.000
3.916 0.000
3.927 0.000
3.938 0.000
3.950 0.000
3.961 0.000
3.972 0.000
3.983 0.000
3.995 0.000
4.006 0.000
4.017 0.000
4.029 0.000
4.040 0.000
4.051 0.000
4.062 0.000
4.074 0.000
4.085 0.000
4.096 0.000
4.107 0.000
4.119 0.000
4.130 0.000
4.141 0.000
4.152 0.000
4.164 0.000
4.175 0.000
4.186 0.000
4.197 0.000
4.209 0.000
4.220 0.000
4.231 0.000
4.242 0.000
4.254 0.000
4.265 0.000
4.276 0.000
4.287 0.000
4.299 0.000
4.310 0.000
4.321 0.000
4.332 0.000
4.344 0.000
4.355 0.000
4.366 0.000
4.377 0.000
4.389 0.000
4.400 0.000
4.411 0.000
4.422 0.000
4.434 0.000
4.445 0.000
4.456 0.000
4.467 0.000
4.479 0.000
4.490 0.000
4.501 0.000
4.512 0.000
4.524 0.000
4.535 0.000
4.546 0.000
4.557 0.000
4.569 0.000
4.580 0.000
4.591 0.000
4.602 0.000
4.614 0.000
4.625 0.000
4.636 0.000
4.647 0.000
4.659 0.000
4.670 0.000
4.681 0.000
4.692 0.000
4.704 0.000
4.715 0.000
4.726 0.000
4.737 0.000
4.749 0.000
4.760 0.000
4.771 0.000
4.782 0.000
4.794 0.000
4.805 0.000
4.816 0.000
4.827 0.000
4.839 0.000
4.850 0.000
4.861 0.000
4.872 0.000
4.884 0.000
4.895 0.000
4.906 0.000
4.917 0.000
4.929 0.000
4.940 0.000
4.951 0.000
4.962 0.000
4.974 0.000
4.985 0.000
4.996 0.000
5.008 0.000
5.019 0.000
5.030 0.000
5.041 0.000
5.053 0.000
5.064 0.000
5.075 0.000
5.086 0.000
5.098 0.000
5.109 0.000
5.120 0.000
5.131 0.000
5.143 0.000
5.154 0.000
5.165 0.000
5.176 0.000
5.188 0.000
5.199 0.000
5.210 0.000
5.221 0.000
5.233 0.000
5.244 0.000
5.255 0.000
5.266 0.000
5.278 0.000
5.289 0.000
5.300 0.000
5.311 0.000
5.323 0.000
5.334 0.000
5.345 0.000
5.356 0.000
5.368 0.000
5.379 0.000
5.390 0.000
5.401 0.000
5.413 0.000
5.424 0.000
5.435 0.000
5.446 0.000
5.458 0.000
5.469 0.000
5.480 0.000
5.491 0.000
5.503 0.000
5.514 0.000
5.525 0.000
5.536 0.000
5.548 0.000
5.559 0.000
5.570 0.000
5.581 0.000
5.593 0.000
5.604 0.000
5.615 0.000
5.626 0.000
5.638 0.000
5.649 0.000
5.660 0.000
5.671 0.000
5.683 0.000
5.694 0.000
5.705 0.000
5.716 0.000
5.728 0.000
5.739 0.000
5.750 0.000
5.761 0.000
5.773 0.000
5.784 0.000
5.795 0.000
5.806 0.000
5.818 0.000
5.829 0.000
5.840 0.000
5.851 0.000
5.863 0.000
5.874 0.000
5.885 0.000
5.896 0.000
5.908 0.000
5.919 0.000
5.930 0.000
5.941 0.000
5.953 0.000
5.964 0.000
5.975 0.000
5.986 0.000
5.998 0.000
6.009 0.000
6.020 0.000
6.032 0.000
6.043 0.000
6.054 0.000
6.065 0.000
6.077 0.000
6.088 0.000
6.099 0.000
6.110 0.000
6.122 0.000
6.133 0.000
6.144 0.000
6.155 0.000
6.167 0.000
6.178 0.000
6.189 0.001
6.200 0.001
6.212 0.001
6.223 0.001
6.234 0.001
6.245 0.001
6.257 0.001
6.268 0.001
6.279 0.001
6.290 0.001
6.302 0.001
6.313 0.001
6.324 0.001
6.335 0.001
6.347 0.001
6.358 0.001
6.369 0.001
6.380 0.001
6.392 0.001
6.403 0.001
6.414 0.001
6.425 0.001
6.437 0.001
6.448 0.001
6.459 0.001
6.470 0.001
6.482 0.001
6.493 0.001
6.504 0.001
6.515 0.001
6.527 0.001
6.538 0.001
6.549 0.001
6.560 0.001
6.572 0.001
6.583 0.001
6.594 0.001
6.605 0.001
6.617 0.001
6.628 0.001
6.639 0.001
6.650 0.001
6.662 0.001
6.673 0.001
6.684 0.001
6.695 0.001
6.707 0.001
6.718 0.001
6.729 0.001
6.740 0.001
6.752 0.001
6.763 0.001
6.774 0.001
6.785 0.001
6.797 0.001
6.808 0.001
6.819 0.001
6.830 0.001
6.842 0.001
6.853 0.001
6.864 0.001
6.875 0.001
6.887 0.001
6.898 0.001
6.909 0.001
6.920 0.001
6.932 0.001
6.943 0.001
6.954 0.001
6.965 0.001
6.977 0.001
6.988 0.001
6.999 0.001
7.011 0.001
7.022 0.001
7.033 0.001
7.044 0.001
7.056 0.001
7.067 0.001
7.078 0.001
7.089 0.001
7.101 0.002
7.112 0.002
7.123 0.002
7.134 0.002
7.146 0.002
7.157 0.002
7.168 0.002
7.179 0.002
7.191 0.002
7.202 0.002
7.213 0.002
7.224 0.002
7.236 0.002
7.247 0.002
7.258 0.002
7.269 0.002
7.281 0.002
7.292 0.002
7.303 0.002
7.314 0.002
7.326 0.002
7.337 0.003
7.348 0.003
7.359 0.003
7.371 0.003
7.382 0.003
7.393 0.003
7.404 0.003
7.416 0.003
7.427 0.003
7.438 0.003
7.449 0.004
7.461 0.004
7.472 0.004
7.483 0.004
7.494 0.004
7.506 0.004
7.517 0.004
7.528 0.005
7.539 0.005
7.551 0.005
7.562 0.005
7.573 0.006
7.584 0.006
7.596 0.006
7.607 0.006
7.618 0.007
7.629 0.007
7.641 0.007
7.652 0.008
7.663 0.008
7.674 0.009
7.686 0.010
7.697 0.010
7.708 0.011
7.719 0.012
7.731 0.013
7.742 0.015
7.753 0.016
7.764 0.019
7.776 0.021
7.787 0.024
7.798 0.028
7.809 0.032
7.821 0.038
7.832 0.044
7.843 0.051
7.854 0.059
7.866 0.068
7.877 0.079
7.888 0.090
7.899 0.101
7.911 0.114
7.922 0.126
7.933 0.138
7.944 0.150
7.956 0.160
7.967 0.168
7.978 0.175
7.989 0.179
8.001 0.180
8.012 0.178
8.023 0.174
8.035 0.167
8.046 0.158
8.057 0.148
8.068 0.137
8.080 0.124
8.091 0.112
8.102 0.100
8.113 0.088
8.125 0.077
8.136 0.067
8.147 0.058
8.158 0.050
8.170 0.043
8.181 0.037
8.192 0.032
8.203 0.027
8.215 0.024
8.226 0.021
8.237 0.018
8.248 0.016
8.260 0.015
8.271 0.013
8.282 0.012
8.293 0.011
8.305 0.010
8.316 0.010
8.327 0.009
8.338 0.009
8.350 0.008
8.361 0.008
8.372 0.007
8.383 0.007
8.395 0.007
8.406 0.006
8.417 0.006
8.428 0.006
8.440 0.006
8.451 0.005
8.462 0.005
8.473 0.005
8.485 0.005
8.496 0.005
8.507 0.004
8.518 0.004
8.530 0.004
8.541 0.004
8.552 0.004
8.563 0.004
8.575 0.004
8.586 0.004
8.597 0.004
8.608 0.003
8.620 0.003
8.631 0.003
8.642 0.003
8.653 0.003
8.665 0.003
8.676 0.003
8.687 0.003
8.698 0.003
8.710 0.003
8.721 0.003
8.732 0.003
8.743 0.003
8.755 0.003
8.766 0.003
8.777 0.003
8.788 0.003
8.800 0.003
8.811 0.003
8.822 0.003
8.833 0.003
8.845 0.003
8.856 0.002
8.867 0.002
8.878 0.002
8.890 0.002
8.901 0.002
8.912 0.002
8.923 0.002
8.935 0.002
8.946 0.002
8.957 0.002
8.968 0.002
8.980 0.002
8.991 0.002
9.002 0.002
9.014 0.002
9.025 0.002
9.036 0.002
9.047 0.002
9.059 0.002
9.070 0.002
9.081 0.003
9.092 0.003
9.104 0.003
9.115 0.003
9.126 0.003
9.137 0.003
9.149 0.003
9.160 0.003
9.171 0.003
9.182 0.003
9.194 0.003
9.205 0.003
9.216 0.003
9.227 0.003
9.239 0.003
9.250 0.003
9.261 0.003
9.272 0.003
9.284 0.003
9.295 0.003
9.306 0.003
9.317 0.003
9.329 0.003
9.340 0.004
9.351 0.004
9.362 0.004
9.374 0.004
9.385 0.004
9.396 0.004
9.407 0.004
9.419 0.004
9.430 0.004
9.441 0.005
9.452 0.005
9.464 0.005
9.475 0.005
9.486 0.005
9.497 0.005
9.509 0.006
9.520 0.006
9.531 0.006
9.542 0.006
9.554 0.006
9.565 0.007
9.576 0.007
9.587 0.007
9.599 0.008
9.610 0.008
9.621 0.008
9.632 0.009
9.644 0.009
9.655 0.010
9.666 0.011
9.677 0.011
9.689 0.012
9.700 0.013
9.711 0.014
9.722 0.015
9.734 0.017
9.745 0.019
9.756 0.021
9.767 0.024
9.779 0.027
9.790 0.031
9.801 0.036
9.812 0.041
9.824 0.048
9.835 0.056
9.846 0.065
9.857 0.075
9.869 0.087
9.880 0.100
9.891 0.113
9.902 0.128
9.914 0.143
9.925 0.158
9.936 0.173
9.947 0.186
9.959 0.198
9.970 0.208
9.981 0.215
9.992 0.219
10.004 0.220
10.015 0.217
10.026 0.211
10.038 0.202
10.049 0.190
10.060 0.177
10.071 0.163
10.083 0.148
10.094 0.133
10.105 0.118
10.116 0.104
10.128 0.091
10.139 0.079
10.150 0.068
10.161 0.059
10.173 0.050
10.184 0.043
10.195 0.037
10.206 0.032
10.218 0.028
10.229 0.024
10.240 0.022
10.251 0.019
10.263 0.017
10.274 0.016
10.285 0.014
10.296 0.013
10.308 0.012
10.319 0.011
10.330 0.011
10.341 0.010
10.353 0.009
10.364 0.009
10.375 0.008
10.386 0.008
10.398 0.008
10.409 0.007
10.420 0.007
10.431 0.007
10.443 0.006
10.454 0.006
10.465 0.006
10.476 0.006
10.488 0.005
10.499 0.005
10.510 0.005
10.521 0.005
10.533 0.005
10.544 0.004
10.555 0.004
10.566 0.004
10.578 0.004
10.589 0.004
10.600 0.004
10.611 0.004
10.623 0.004
10.634 0.003
10.645 0.003
10.656 0.003
10.668 0.003
10.679 0.003
10.690 0.003
10.701 0.003
10.713 0.003
10.724 0.003
10.735 0.003
10.746 0.003
10.758 0.003
10.769 0.002
10.780 0.002
10.791 0.002
10.803 0.002
10.814 0.002
10.825 0.002
10.836 0.002
10.848 0.002
10.859 0.002
10.870 0.002
10.881 0.002
10.893 0.002
10.904 0.002
10.915 0.002
10.926 0.002
10.938 0.002
10.949 0.002
10.960 0.002
10.971 0.002
10.983 0.002
10.994 0.002
11.005 0.002
11.017 0.002
11.028 0.002
11.039 0.002
11.050 0.002
11.062 0.002
11.073 0.002
11.084 0.002
11.095 0.001
11.107 0.001
11.118 0.001
11.129 0.001
11.140 0.001
11.152 0.001
11.163 0.001
11.174 0.001
11.185 0.001
11.197 0.001
11.208 0.001
11.219 0.001
11.230 0.001
11.242 0.001
11.253 0.001
11.264 0.001
11.275 0.001
11.287 0.001
11.298 0.001
11.309 0.001
11.320 0.001
11.332 0.001
11.343 0.001
11.354 0.001
11.365 0.001
11.377 0.001
11.388 0.001
11.399 0.001
11.410 0.001
11.422 0.001
11.433 0.001
11.444 0.001
11.455 0.001
11.467 0.001
11.478 0.001
11.489 0.001
11.500 0.001
11.512 0.001
11.523 0.001
11.534 0.001
11.545 0.001
11.557 0.001
11.568 0.001
11.579 0.001
11.590 0.001
11.602 0.001
11.613 0.001
11.624 0.001
11.635 0.001
11.647 0.001
11.658 0.001
11.669 0.001
11.680 0.001
11.692 0.001
11.703 0.001
11.714 0.001
11.725 0.001
11.737 0.001
11.748 0.001
11.759 0.001
11.770 0.001
11.782 0.001
11.793 0.001
11.804 0.001
11.815 0.001
11.827 0.001
11.838 0.001
11.849 0.001
11.860 0.001
11.872 0.001
11.883 0.001
11.894 0.001
11.905 0.001
11.917 0.001
11.928 0.001
11.939 0.001
11.950 0.001
11.962 0.001
11.973 0.001
11.984 0.001
11.995 0.001
12.007 0.001
12.018 0.001
12.029 0.001
12.041 0.001
12.052 0.001
12.063 0.001
12.074 0.001
12.086 0.001
12.097 0.001
12.108 0.001
12.119 0.001
12.131 0.001
12.142 0.001
12.153 0.001
12.164 0.001
12.176 0.001
12.187 0.001
12.198 0.001
12.209 0.001
12.221 0.001
12.232 0.001
12.243 0.001
12.254 0.001
12.266 0.001
12.277 0.001
12.288 0.001
12.299 0.001
12.311 0.001
12.322 0.001
12.333 0.001
12.344 0.001
12.356 0.001
12.367 0.001
12.378 0.001
12.389 0.001
12.401 0.001
12.412 0.001
12.423 0.001
12.434 0.001
12.446 0.001
12.457 0.001
12.468 0.001
12.479 0.001
12.491 0.001
12.502 0.001
12.513 0.001
12.524 0.001
12.536 0.001
12.547 0.001
12.558 0.001
12.569 0.001
12.581 0.001
12.592 0.001
12.603 0.001
12.614 0.001
12.626 0.001
12.637 0.001
12.648 0.001
12.659 0.001
12.671 0.001
12.682 0.001
12.693 0.001
12.704 0.001
12.716 0.001
12.727 0.001
12.738 0.001
12.749 0.001
12.761 0.001
12.772 0.001
12.783 0.001
12.794 0.002
12.806 0.002
12.817 0.002
12.828 0.002
12.839 0.002
12.851 0.002
12.862 0.002
12.873 0.002
12.884 0.002
12.896 0.002
12.907 0.002
12.918 0.002
12.929 0.002
12.941 0.002
12.952 0.002
12.963 0.002
12.974 0.002
12.986 0.002
12.997 0.002
13.008 0.002
13.020 0.002
13.031 0.002
13.042 0.002
13.053 0.002
13.065 0.002
13.076 0.002
13.087 0.002
13.098 0.002
13.110 0.002
13.121 0.002
13.132 0.002
13.143 0.003
13.155 0.003
13.166 0.003
13.177 0.003
13.188 0.003
13.200 0.003
13.211 0.003
13.222 0.003
13.233 0.003
13.245 0.003
13.256 0.003
13.267 0.003
13.278 0.003
13.290 0.003
13.301 0.004
13.312 0.004
13.323 0.004
13.335 0.004
13.346 0.004
13.357 0.004
13.368 0.004
13.380 0.004
13.391 0.005
13.402 0.005
13.413 0.005
13.425 0.005
13.436 0.005
13.447 0.005
13.458 0.006
13.470 0.006
13.481 0.006
13.492 0.006
13.503 0.006
13.515 0.007
13.526 0.007
13.537 0.007
13.548 0.008
13.560 0.008
13.571 0.008
13.582 0.009
13.593 0.009
13.605 0.010
13.616 0.010
13.627 0.011
13.638 0.011
13.650 0.012
13.661 0.013
13.672 0.014
13.683 0.015
13.695 0.016
13.706 0.017
13.717 0.018
13.728 0.020
13.740 0.022
13.751 0.025
13.762 0.028
13.773 0.032
13.785 0.036
13.796 0.042
13.807 0.049
13.818 0.057
13.830 0.066
13.841 0.077
13.852 0.089
13.863 0.103
13.875 0.119
13.886 0.136
13.897 0.154
13.908 0.173
13.920 0.192
13.931 0.211
13.942 0.229
13.953 0.245
13.965 0.259
13.976 0.270
13.987 0.277
13.998 0.280
14.010 0.278
14.021 0.272
14.032 0.262
14.044 0.249
14.055 0.233
14.066 0.216
14.077 0.197
14.089 0.178
14.100 0.159
14.111 0.140
14.122 0.123
14.134 0.107
14.145 0.093
14.156 0.080
14.167 0.069
14.179 0.059
14.190 0.051
14.201 0.044
14.212 0.038
14.224 0.033
14.235 0.029
14.246 0.026
14.257 0.023
14.269 0.021
14.280 0.019
14.291 0.017
14.302 0.016
14.314 0.015
14.325 0.014
14.336 0.013
14.347 0.012
14.359 0.012
14.370 0.011
14.381 0.010
14.392 0.010
14.404 0.009
14.415 0.009
14.426 0.009
14.437 0.008
14.449 0.008
14.460 0.007
14.471 0.007
14.482 0.007
14.494 0.007
14.505 0.006
14.516 0.006
14.527 0.006
14.539 0.006
14.550 0.005
14.561 0.005
14.572 0.005
14.584 0.005
14.595 0.005
14.606 0.005
14.617 0.004
14.629 0.004
14.640 0.004
14.651 0.004
14.662 0.004
14.674 0.004
14.685 0.004
14.696 0.004
14.707 0.004
14.719 0.003
14.730 0.003
14.741 0.003
14.752 0.003
14.764 0.003
14.775 0.003
14.786 0.003
14.797 0.003
14.809 0.003
14.820 0.003
14.831 0.003
14.842 0.003
14.854 0.003
14.865 0.003
14.876 0.003
14.887 0.002
14.899 0.002
14.910 0.002
14.921 0.002
14.932 0.002
14.944 0.002
14.955 0.002
14.966 0.002
14.977 0.002
14.989 0.002
15.000 0.002
15.011 0.002
15.023 0.002
15.034 0.002
15.045 0.002
15.056 0.002
15.068 0.002
15.079 0.002
15.090 0.002
15.101 0.002
15.113 0.002
15.124 0.002
15.135 0.002
15.146 0.002
15.158 0.002
15.169 0.002
15.180 0.002
15.191 0.002
15.203 0.002
15.214 0.002
15.225 0.002
15.236 0.002
15.248 0.002
15.259 0.002
15.270 0.001
15.281 0.001
15.293 0.001
15.304 0.001
15.315 0.001
15.326 0.001
15.338 0.001
15.349 0.001
15.360 0.001
15.371 0.001
15.383 0.001
15.394 0.001
15.405 0.001
15.416 0.001
15.428 0.001
15.439 0.001
15.450 0.001
15.461 0.001
15.473 0.001
15.484 0.001
15.495 0.001
15.506 0.001
15.518 0.001
15.529 0.001
15.540 0.001
15.551 0.001
15.563 0.001
15.574 0.001
15.585 0.001
15.596 0.001
15.608 0.001
15.619 0.001
15.630 0.001
15.641 0.001
15.653 0.001
15.664 0.001
15.675 0.001
15.686 0.001
15.698 0.001
15.709 0.001
15.720 0.001
15.731 0.001
15.743 0.001
15.754 0.001
15.765 0.001
15.776 0.001
15.788 0.001
15.799 0.001
15.810 0.001
15.821 0.001
15.833 0.001
15.844 0.001
15.855 0.001
15.866 0.001
15.878 0.001
15.889 0.001
15.900 0.001
15.911 0.001
15.923 0.001
15.934 0.001
15.945 0.001
15.956 0.001
15.968 0.001
15.979 0.001
15.990 0.001
16.002 0.001
16.013 0.001
16.024 0.001
16.035 0.001
16.047 0.001
16.058 0.001
16.069 0.001
16.080 0.001
16.092 0.001
16.103 0.001
16.114 0.001
16.125 0.001
16.137 0.001
16.148 0.001
16.159 0.001
16.170 0.001
16.182 0.001
16.193 0.001
16.204 0.001
16.215 0.001
16.227 0.001
16.238 0.001
16.249 0.001
16.260 0.001
16.272 0.001
16.283 0.001
16.294 0.001
16.305 0.001
16.317 0.001
16.328 0.001
16.339 0.001
16.350 0.001
16.362 0.001
16.373 0.001
16.384 0.001
16.395 0.001
16.407 0.001
16.418 0.001
16.429 0.001
16.440 0.001
16.452 0.001
16.463 0.001
16.474 0.001
16.485 0.001
16.497 0.001
16.508 0.001
16.519 0.001
16.530 0.001
16.542 0.001
16.553 0.001
16.564 0.001
16.575 0.001
16.587 0.001
16.598 0.001
16.609 0.001
16.620 0.001
16.632 0.001
16.643 0.001
16.654 0.001
16.665 0.001
16.677 0.001
16.688 0.001
16.699 0.001
16.710 0.001
16.722 0.001
16.733 0.001
16.744 0.001
16.755 0.001
16.767 0.001
16.778 0.001
16.789 0.001
16.800 0.001
16.812 0.001
16.823 0.001
16.834 0.001
16.845 0.001
16.857 0.001
16.868 0.001
16.879 0.001
16.890 0.001
16.902 0.001
16.913 0.001
16.924 0.001
16.935 0.001
16.947 0.001
16.958 0.001
16.969 0.001
16.980 0.001
16.992 0.001
17.003 0.001
17.014 0.001
17.026 0.001
17.037 0.001
17.048 0.001
17.059 0.001
17.071 0.001
17.082 0.001
17.093 0.001
17.104 0.001
17.116 0.001
17.127 0.001
17.138 0.001
17.149 0.001
17.161 0.002
17.172 0.002
17.183 0.002
17.194 0.002
17.206 0.002
17.217 0.002
17.228 0.002
17.239 0.002
17.251 0.002
17.262 0.002
17.273 0.002
17.284 0.002
17.296 0.002
17.307 0.002
17.318 0.002
17.329 0.002
17.341 0.002
17.352 0.002
17.363 0.002
17.374 0.002
17.386 0.002
17.397 0.002
17.408 0.002
17.419 0.002
17.431 0.002
17.442 0.002
17.453 0.002
17.464 0.002
17.476 0.002
17.487 0.002
17.498 0.002
17.509 0.002
17.521 0.002
17.532 0.002
17.543 0.002
17.554 0.002
17.566 0.002
17.577 0.002
17.588 0.002
17.599 0.002
17.611 0.002
17.622 0.002
17.633 0.002
17.644 0.002
17.656 0.002
17.667 0.002
17.678 0.002
17.689 0.002
17.701 0.002
17.712 0.003
17.723 0.003
17.734 0.003
17.746 0.003
17.757 0.003
17.768 0.003
17.779 0.003
17.791 0.003
17.802 0.003
17.813 0.003
17.824 0.003
17.836 0.003
17.847 0.003
17.858 0.003
17.869 0.003
17.881 0.003
17.892 0.003
17.903 0.003
17.914 0.003
17.926 0.003
17.937 0.003
17.948 0.003
17.959 0.004
17.971 0.004
17.982 0.004
17.993 0.004
18.005 0.004
18.016 0.004
18.027 0.004
18.038 0.004
18.050 0.004
18.061 0.004
18.072 0.004
18.083 0.004
18.095 0.004
18.106 0.005
18.117 0.005
18.128 0.005
18.140 0.005
18.151 0.005
18.162 0.005
18.173 0.005
18.185 0.005
18.196 0.005
18.207 0.006
18.218 0.006
18.230 0.006
18.241 0.006
18.252 0.006
18.263 0.006
18.275 0.007
18.286 0.007
18.297 0.007
18.308 0.007
18.320 0.007
18.331 0.008
18.342 0.008
18.353 0.008
18.365 0.008
18.376 0.009
18.387 0.009
18.398 0.009
18.410 0.009
18.421 0.010
18.432 0.010
18.443 0.010
18.455 0.011
18.466 0.011
18.477 0.012
18.488 0.012
18.500 0.013
18.511 0.013
18.522 0.014
18.533 0.014
18.545 0.015
18.556 0.016
18.567 0.016
18.578 0.017
18.590 0.018
18.601 0.019
18.612 0.020
18.623 0.021
18.635 0.022
18.646 0.023
18.657 0.025
18.668 0.026
18.680 0.028
18.691 0.030
18.702 0.032
18.713 0.035
18.725 0.038
18.736 0.042
18.747 0.047
18.758 0.053
18.770 0.060
18.781 0.068
18.792 0.079
18.803 0.091
18.815 0.106
18.826 0.123
18.837 0.144
18.848 0.167
18.860 0.193
18.871 0.223
18.882 0.256
18.893 0.290
18.905 0.327
18.916 0.365
18.927 0.402
18.938 0.438
18.950 0.472
18.961 0.501
18.972 0.524
18.983 0.540
18.995 0.549
19.006 0.548
19.017 0.540
19.029 0.523
19.040 0.499
19.051 0.470
19.062 0.436
19.074 0.400
19.085 0.362
19.096 0.325
19.107 0.288
19.119 0.253
19.130 0.221
19.141 0.192
19.152 0.166
19.164 0.142
19.175 0.122
19.186 0.105
19.197 0.090
19.209 0.078
19.220 0.068
19.231 0.060
19.242 0.053
19.254 0.047
19.265 0.043
19.276 0.039
19.287 0.035
19.299 0.033
19.310 0.030
19.321 0.028
19.332 0.027
19.344 0.025
19.355 0.024
19.366 0.022
19.377 0.021
19.389 0.020
19.400 0.019
19.411 0.018
19.422 0.018
19.434 0.017
19.445 0.016
19.456 0.016
19.467 0.015
19.479 0.014
19.490 0.014
19.501 0.013
19.512 0.013
19.524 0.013
19.535 0.012
19.546 0.012
19.557 0.011
19.569 0.011
19.580 0.011
19.591 0.010
19.602 0.010
19.614 0.010
19.625 0.010
19.636 0.009
19.647 0.009
19.659 0.009
19.670 0.009
19.681 0.009
19.692 0.008
19.704 0.008
19.715 0.008
19.726 0.008
19.737 0.008
19.749 0.008
19.760 0.008
19.771 0.007
19.782 0.007
19.794 0.007
19.805 0.007
19.816 0.007
19.827 0.007
19.839 0.007
19.850 0.007
19.861 0.007
19.872 0.007
19.884 0.007
19.895 0.007
19.906 0.006
19.917 0.006
19.929 0.006
19.940 0.006
19.951 0.006
19.962 0.006
19.974 0.006
19.985 0.006
19.996 0.006
20.008 0.006
20.019 0.006
20.030 0.006
20.041 0.006
20.053 0.006
20.064 0.006
20.075 0.006
20.086 0.006
20.098 0.006
20.109 0.006
20.120 0.006
20.131 0.006
20.143 0.007
20.154 0.007
20.165 0.007
20.176 0.007
20.188 0.007
20.199 0.007
20.210 0.007
20.221 0.007
20.233 0.007
20.244 0.007
20.255 0.007
20.266 0.007
20.278 0.008
20.289 0.008
20.300 0.008
20.311 0.008
20.323 0.008
20.334 0.008
20.345 0.008
20.356 0.009
20.368 0.009
20.379 0.009
20.390 0.009
20.401 0.009
20.413 0.010
20.424 0.010
20.435 0.010
20.446 0.011
20.458 0.011
20.469 0.011
20.480 0.012
20.491 0.012
20.503 0.012
20.514 0.013
20.525 0.013
20.536 0.014
20.548 0.014
20.559 0.015
20.570 0.016
20.581 0.016
20.593 0.017
20.604 0.018
20.615 0.019
20.626 0.019
20.638 0.020
20.649 0.022
20.660 0.023
20.671 0.024
20.683 0.026
20.694 0.028
20.705 0.030
20.716 0.032
20.728 0.035
20.739 0.039
20.750 0.043
20.761 0.049
20.773 0.055
20.784 0.063
20.795 0.072
20.806 0.083
20.818 0.097
20.829 0.113
20.840 0.131
20.851 0.152
20.863 0.176
20.874 0.203
20.885 0.232
20.896 0.262
20.908 0.295
20.919 0.328
20.930 0.360
20.941 0.391
20.953 0.419
20.964 0.444
20.975 0.462
20.986 0.475
20.998 0.480
21.009 0.478
21.020 0.468
21.032 0.452
21.043 0.430
21.054 0.403
21.065 0.373
21.077 0.341
21.088 0.308
21.099 0.275
21.110 0.244
21.122 0.214
21.133 0.186
21.144 0.161
21.155 0.139
21.167 0.120
21.178 0.103
21.189 0.088
21.200 0.076
21.212 0.066
21.223 0.058
21.234 0.051
21.245 0.045
21.257 0.040
21.268 0.036
21.279 0.033
21.290 0.030
21.302 0.028
21.313 0.026
21.324 0.025
21.335 0.023
21.347 0.022
21.358 0.021
21.369 0.019
21.380 0.018
21.392 0.018
21.403 0.017
21.414 0.016
21.425 0.015
21.437 0.015
21.448 0.014
21.459 0.013
21.470 0.013
21.482 0.012
21.493 0.012
21.504 0.012
21.515 0.011
21.527 0.011
21.538 0.010
21.549 0.010
21.560 0.010
21.572 0.009
21.583 0.009
21.594 0.009
21.605 0.009
21.617 0.008
21.628 0.008
21.639 0.008
21.650 0.008
21.662 0.007
21.673 0.007
21.684 0.007
21.695 0.007
21.707 0.007
21.718 0.007
21.729 0.006
21.740 0.006
21.752 0.006
21.763 0.006
21.774 0.006
21.785 0.006
21.797 0.006
21.808 0.006
21.819 0.005
21.830 0.005
21.842 0.005
21.853 0.005
21.864 0.005
21.875 0.005
21.887 0.005
21.898 0.005
21.909 0.005
21.920 0.005
21.932 0.005
21.943 0.005
21.954 0.004
21.965 0.004
21.977 0.004
21.988 0.004
21.999 0.004
22.011 0.004
22.022 0.004
22.033 0.004
22.044 0.004
22.056 0.004
22.067 0.004
22.078 0.004
22.089 0.004
22.101 0.004
22.112 0.004
22.123 0.004
22.134 0.004
22.146 0.004
22.157 0.004
22.168 0.004
22.179 0.004
22.191 0.004
22.202 0.004
22.213 0.004
22.224 0.004
22.236 0.004
22.247 0.004
22.258 0.003
22.269 0.003
22.281 0.003
22.292 0.003
22.303 0.003
22.314 0.003
22.326 0.003
22.337 0.003
22.348 0.003
22.359 0.003
22.371 0.003
22.382 0.003
22.393 0.003
22.404 0.003
22.416 0.003
22.427 0.003
22.438 0.003
22.449 0.003
22.461 0.003
22.472 0.003
22.483 0.003
22.494 0.003
22.506 0.003
22.517 0.003
22.528 0.003
22.539 0.003
22.551 0.003
22.562 0.003
22.573 0.003
22.584 0.003
22.596 0.003
22.607 0.003
22.618 0.003
22.629 0.003
22.641 0.003
22.652 0.003
22.663 0.003
22.674 0.003
22.686 0.003
22.697 0.003
22.708 0.003
22.719 0.003
22.731 0.004
22.742 0.004
22.753 0.004
22.764 0.004
22.776 0.004
22.787 0.004
22.798 0.004
22.809 0.004
22.821 0.004
22.832 0.004
22.843 0.004
22.854 0.004
22.866 0.004
22.877 0.004
22.888 0.004
22.899 0.004
22.911 0.004
22.922 0.004
22.933 0.004
22.944 0.004
22.956 0.004
22.967 0.004
22.978 0.004
22.989 0.004
23.001 0.004
23.012 0.004
23.023 0.004
23.035 0.004
23.046 0.005
23.057 0.005
23.068 0.005
23.080 0.005
23.091 0.005
23.102 0.005
23.113 0.005
23.125 0.005
23.136 0.005
23.147 0.005
23.158 0.005
23.170 0.005
23.181 0.005
23.192 0.006
23.203 0.006
23.215 0.006
23.226 0.006
23.237 0.006
23.248 0.006
23.260 0.006
23.271 0.006
23.282 0.007
23.293 0.007
23.305 0.007
23.316 0.007
23.327 0.007
23.338 0.007
23.350 0.007
23.361 0.008
23.372 0.008
23.383 0.008
23.395 0.008
23.406 0.009
23.417 0.009
23.428 0.009
23.440 0.009
23.451 0.010
23.462 0.010
23.473 0.010
23.485 0.011
23.496 0.011
23.507 0.011
23.518 0.012
23.530 0.012
23.541 0.013
23.552 0.013
23.563 0.014
23.575 0.014
23.586 0.015
23.597 0.016
23.608 0.016
23.620 0.017
23.631 0.018
23.642 0.019
23.653 0.020
23.665 0.021
23.676 0.023
23.687 0.024
23.698 0.026
23.710 0.028
23.721 0.030
23.732 0.033
23.743 0.037
23.755 0.041
23.766 0.046
23.777 0.052
23.788 0.059
23.800 0.068
23.811 0.079
23.822 0.091
23.833 0.106
23.845 0.123
23.856 0.143
23.867 0.165
23.878 0.189
23.890 0.215
23.901 0.242
23.912 0.271
23.923 0.300
23.935 0.328
23.946 0.354
23.957 0.378
23.968 0.397
23.980 0.412
23.991 0.420
24.002 0.422
24.014 0.418
24.025 0.407
24.036 0.390
24.047 0.369
24.059 0.345
24.070 0.317
24.081 0.289
24.092 0.260
24.104 0.232
24.115 0.205
24.126 0.180
24.137 0.157
24.149 0.136
24.160 0.118
24.171 0.102
24.182 0.088
24.194 0.076
24.205 0.066
24.216 0.058
24.227 0.051
24.239 0.046
24.250 0.041
24.261 0.038
24.272 0.035
24.284 0.032
24.295 0.030
24.306 0.028
24.317 0.027
24.329 0.026
24.340 0.025
24.351 0.024
24.362 0.023
24.374 0.022
24.385 0.021
24.396 0.021
24.407 0.020
24.419 0.020
24.430 0.020
24.441 0.019
24.452 0.019
24.464 0.019
24.475 0.019
24.486 0.019
24.497 0.019
24.509 0.019
24.520 0.019
24.531 0.019
24.542 0.019
24.554 0.019
24.565 0.019
24.576 0.019
24.587 0.020
24.599 0.020
24.610 0.021
24.621 0.021
24.632 0.022
24.644 0.022
24.655 0.023
24.666 0.024
24.677 0.025
24.689 0.026
24.700 0.028
24.711 0.029
24.722 0.031
24.734 0.034
24.745 0.037
24.756 0.041
24.767 0.045
24.779 0.051
24.790 0.057
24.801 0.066
24.812 0.075
24.824 0.087
24.835 0.100
24.846 0.116
24.857 0.134
24.869 0.154
24.880 0.176
24.891 0.200
24.902 0.225
24.914 0.250
24.925 0.276
24.936 0.302
24.947 0.325
24.959 0.346
24.970 0.363
24.981 0.375
24.992 0.382
25.004 0.383
25.015 0.378
25.026 0.367
25.038 0.352
25.049 0.332
25.060 0.309
25.071 0.284
25.083 0.259
25.094 0.233
25.105 0.207
25.116 0.183
25.128 0.160
25.139 0.139
25.150 0.121
25.161 0.104
25.173 0.090
25.184 0.078
25.195 0.067
25.206 0.058
25.218 0.051
25.229 0.045
25.240 0.040
25.251 0.036
25.263 0.033
25.274 0.030
25.285 0.028
25.296 0.026
25.308 0.024
25.319 0.022
25.330 0.021
25.341 0.020
25.353 0.019
25.364 0.018
25.375 0.017
25.386 0.017
25.398 0.016
25.409 0.015
25.420 0.015
25.431 0.014
25.443 0.014
25.454 0.013
25.465 0.013
25.476 0.013
25.488 0.012
25.499 0.012
25.510 0.011
25.521 0.011
25.533 0.011
25.544 0.011
25.555 0.010
25.566 0.010
25.578 0.010
25.589 0.010
25.600 0.010
25.611 0.009
25.623 0.009
25.634 0.009
25.645 0.009
25.656 0.009
25.668 0.009
25.679 0.009
25.690 0.008
25.701 0.008
25.713 0.008
25.724 0.008
25.735 0.008
25.746 0.008
25.758 0.008
25.769 0.008
25.780 0.008
25.791 0.008
25.803 0.008
25.814 0.008
25.825 0.008
25.836 0.008
25.848 0.008
25.859 0.008
25.870 0.007
25.881 0.007
25.893 0.007
25.904 0.007
25.915 0.007
25.926 0.007
25.938 0.007
25.949 0.008
25.960 0.008
25.971 0.008
25.983 0.008
25.994 0.008
26.005 0.008
26.017 0.008
26.028 0.008
26.039 0.008
26.050 0.008
26.062 0.008
26.073 0.008
26.084 0.008
26.095 0.008
26.107 0.008
26.118 0.008
26.129 0.008
26.140 0.009
26.152 0.009
26.163 0.009
26.174 0.009
26.185 0.009
26.197 0.009
26.208 0.009
26.219 0.009
26.230 0.010
26.242 0.010
26.253 0.010
26.264 0.010
26.275 0.010
26.287 0.011
26.298 0.011
26.309 0.011
26.320 0.011
26.332 0.011
26.343 0.012
26.354 0.012
26.365 0.012
26.377 0.013
26.388 0.013
26.399 0.013
26.410 0.014
26.422 0.014
26.433 0.015
26.444 0.015
26.455 0.016
26.467 0.016
26.478 0.017
26.489 0.017
26.500 0.018
26.512 0.019
26.523 0.019
26.534 0.020
26.545 0.021
26.557 0.022
26.568 0.023
26.579 0.024
26.590 0.025
26.602 0.026
26.613 0.027
26.624 0.028
26.635 0.030
26.647 0.032
26.658 0.033
26.669 0.036
26.680 0.038
26.692 0.041
26.703 0.044
26.714 0.047
26.725 0.052
26.737 0.057
26.748 0.063
26.759 0.071
26.770 0.080
26.782 0.091
26.793 0.105
26.804 0.121
26.815 0.141
26.827 0.164
26.838 0.191
26.849 0.222
26.860 0.257
26.872 0.296
26.883 0.338
26.894 0.384
26.905 0.432
26.917 0.481
26.928 0.530
26.939 0.578
26.950 0.621
26.962 0.659
26.973 0.689
26.984 0.709
26.995 0.719
27.007 0.718
27.018 0.706
27.029 0.683
27.041 0.652
27.052 0.613
27.063 0.568
27.074 0.521
27.086 0.472
27.097 0.422
27.108 0.375
27.119 0.330
27.131 0.288
27.142 0.249
27.153 0.215
27.164 0.185
27.176 0.159
27.187 0.137
27.198 0.118
27.209 0.102
27.221 0.089
27.232 0.078
27.243 0.069
27.254 0.062
27.266 0.056
27.277 0.051
27.288 0.047
27.299 0.043
27.311 0.040
27.322 0.037
27.333 0.035
27.344 0.033
27.356 0.031
27.367 0.030
27.378 0.028
27.389 0.027
27.401 0.026
27.412 0.024
27.423 0.023
27.434 0.022
27.446 0.022
27.457 0.021
27.468 0.020
27.479 0.019
27.491 0.018
27.502 0.018
27.513 0.017
27.524 0.017
27.536 0.016
27.547 0.015
27.558 0.015
27.569 0.015
27.581 0.014
27.592 0.014
27.603 0.013
27.614 0.013
27.626 0.013
27.637 0.012
27.648 0.012
27.659 0.012
27.671 0.011
27.682 0.011
27.693 0.011
27.704 0.011
27.716 0.010
27.727 0.010
27.738 0.010
27.749 0.010
27.761 0.010
27.772 0.010
27.783 0.009
27.794 0.009
27.806 0.009
27.817 0.009
27.828 0.009
27.839 0.009
27.851 0.009
27.862 0.008
27.873 0.008
27.884 0.008
27.896 0.008
27.907 0.008
27.918 0.008
27.929 0.008
27.941 0.008
27.952 0.008
27.963 0.008
27.974 0.008
27.986 0.007
27.997 0.007
28.008 0.007
28.020 0.007
28.031 0.007
28.042 0.007
28.053 0.007
28.065 0.007
28.076 0.007
28.087 0.007
28.098 0.007
28.110 0.007
28.121 0.007
28.132 0.007
28.143 0.007
28.155 0.007
28.166 0.007
28.177 0.007
28.188 0.007
28.200 0.007
28.211 0.007
28.222 0.007
28.233 0.007
28.245 0.007
28.256 0.007
28.267 0.007
28.278 0.007
28.290 0.007
28.301 0.007
28.312 0.007
28.323 0.007
28.335 0.007
28.346 0.007
28.357 0.007
28.368 0.007
28.380 0.007
28.391 0.007
28.402 0.007
28.413 0.007
28.425 0.007
28.436 0.007
28.447 0.007
28.458 0.008
28.470 0.008
28.481 0.008
28.492 0.008
28.503 0.008
28.515 0.008
28.526 0.008
28.537 0.008
28.548 0.008
28.560 0.008
28.571 0.008
28.582 0.008
28.593 0.008
28.605 0.009
28.616 0.009
28.627 0.009
28.638 0.009
28.650 0.009
28.661 0.009
28.672 0.009
28.683 0.010
28.695 0.010
28.706 0.010
28.717 0.010
28.728 0.010
28.740 0.010
28.751 0.011
28.762 0.011
28.773 0.011
28.785 0.011
28.796 0.011
28.807 0.012
28.818 0.012
28.830 0.012
28.841 0.012
28.852 0.013
28.863 0.013
28.875 0.013
28.886 0.014
28.897 0.014
28.908 0.014
28.920 0.015
28.931 0.015
28.942 0.015
28.953 0.016
28.965 0.016
28.976 0.017
28.987 0.017
28.998 0.018
29.010 0.018
29.021 0.019
29.032 0.020
29.044 0.020
29.055 0.021
29.066 0.022
29.077 0.023
29.089 0.023
29.100 0.024
29.111 0.025
29.122 0.026
29.134 0.027
29.145 0.028
29.156 0.030
29.167 0.031
29.179 0.032
29.190 0.034
29.201 0.036
29.212 0.037
29.224 0.039
29.235 0.041
29.246 0.044
29.257 0.046
29.269 0.049
29.280 0.052
29.291 0.056
29.302 0.060
29.314 0.066
29.325 0.072
29.336 0.079
29.347 0.087
29.359 0.098
29.370 0.111
29.381 0.126
29.392 0.145
29.404 0.167
29.415 0.194
29.426 0.226
29.437 0.263
29.449 0.306
29.460 0.354
29.471 0.408
29.482 0.467
29.494 0.531
29.505 0.597
29.516 0.666
29.527 0.734
29.539 0.800
29.550 0.860
29.561 0.913
29.572 0.956
29.584 0.985
29.595 1.000
29.606 0.999
29.617 0.983
29.629 0.952
29.640 0.909
29.651 0.856
29.662 0.794
29.674 0.729
29.685 0.660
29.696 0.592
29.707 0.526
29.719 0.463
29.730 0.404
29.741 0.351
29.752 0.303
29.764 0.261
29.775 0.225
29.786 0.194
29.797 0.168
29.809 0.146
29.820 0.127
29.831 0.112
29.842 0.100
29.854 0.090
29.865 0.081
29.876 0.075
29.887 0.069
29.899 0.064
29.910 0.060
29.921 0.057
29.932 0.054
29.944 0.051
29.955 0.049
29.966 0.047
29.977 0.045
29.989 0.043
30.000 0.042
30.011 0.041
30.023 0.040
30.034 0.039
30.045 0.038
30.056 0.037
30.068 0.036
30.079 0.036
30.090 0.035
30.101 0.035
30.113 0.035
30.124 0.035
30.135 0.035
30.146 0.035
30.158 0.035
30.169 0.035
30.180 0.036
30.191 0.037
30.203 0.038
30.214 0.039
30.225 0.040
30.236 0.043
30.248 0.045
30.259 0.048
30.270 0.053
30.281 0.058
30.293 0.064
30.304 0.071
30.315 0.081
30.326 0.091
30.338 0.104
30.349 0.119
30.360 0.136
30.371 0.154
30.383 0.175
30.394 0.197
30.405 0.220
30.416 0.244
30.428 0.267
30.439 0.290
30.450 0.311
30.461 0.329
30.473 0.344
30.484 0.354
30.495 0.359
30.506 0.359
30.518 0.353
30.529 0.342
30.540 0.326
30.551 0.307
30.563 0.286
30.574 0.263
30.585 0.239
30.596 0.215
30.608 0.192
30.619 0.170
30.630 0.149
30.641 0.130
30.653 0.114
30.664 0.099
30.675 0.086
30.686 0.075
30.698 0.066
30.709 0.058
30.720 0.052
30.731 0.047
30.743 0.042
30.754 0.039
30.765 0.036
30.776 0.034
30.788 0.032
30.799 0.030
30.810 0.029
30.821 0.028
30.833 0.027
30.844 0.026
30.855 0.025
30.866 0.024
30.878 0.024
30.889 0.023
30.900 0.023
30.911 0.023
30.923 0.022
30.934 0.022
30.945 0.022
30.956 0.022
30.968 0.022
30.979 0.022
30.990 0.022
31.002 0.022
31.013 0.022
31.024 0.022
31.035 0.022
31.047 0.023
31.058 0.023
31.069 0.023
31.080 0.024
31.092 0.024
31.103 0.025
31.114 0.026
31.125 0.026
31.137 0.027
31.148 0.028
31.159 0.029
31.170 0.031
31.182 0.032
31.193 0.034
31.204 0.036
31.215 0.038
31.227 0.041
31.238 0.045
31.249 0.049
31.260 0.054
31.272 0.061
31.283 0.069
31.294 0.078
31.305 0.090
31.317 0.103
31.328 0.119
31.339 0.138
31.350 0.160
31.362 0.184
31.373 0.212
31.384 0.241
31.395 0.273
31.407 0.307
31.418 0.341
31.429 0.375
31.440 0.407
31.452 0.437
31.463 0.463
31.474 0.483
31.485 0.496
31.497 0.503
31.508 0.501
31.519 0.492
31.530 0.475
31.542 0.453
31.553 0.425
31.564 0.394
31.575 0.361
31.587 0.326
31.598 0.292
31.609 0.259
31.620 0.228
31.632 0.199
31.643 0.173
31.654 0.149
31.665 0.129
31.677 0.111
31.688 0.095
31.699 0.082
31.710 0.072
31.722 0.063
31.733 0.055
31.744 0.049
31.755 0.044
31.767 0.040
31.778 0.036
31.789 0.034
31.800 0.031
31.812 0.029
31.823 0.027
31.834 0.026
31.845 0.024
31.857 0.023
31.868 0.022
31.879 0.021
31.890 0.020
31.902 0.019
31.913 0.018
31.924 0.017
31.935 0.017
31.947 0.016
31.958 0.015
31.969 0.015
31.980 0.014
31.992 0.014
32.003 0.013
32.014 0.013
32.026 0.012
32.037 0.012
32.048 0.012
32.059 0.011
32.071 0.011
32.082 0.011
32.093 0.010
32.104 0.010
32.116 0.010
32.127 0.009
32.138 0.009
32.149 0.009
32.161 0.009
32.172 0.008
32.183 0.008
32.194 0.008
32.206 0.008
32.217 0.008
32.228 0.008
32.239 0.007
32.251 0.007
32.262 0.007
32.273 0.007
32.284 0.007
32.296 0.007
32.307 0.007
32.318 0.006
32.329 0.006
32.341 0.006
32.352 0.006
32.363 0.006
32.374 0.006
32.386 0.006
32.397 0.006
32.408 0.006
32.419 0.005
32.431 0.005
32.442 0.005
32.453 0.005
32.464 0.005
32.476 0.005
32.487 0.005
32.498 0.005
32.509 0.005
32.521 0.005
32.532 0.005
32.543 0.005
32.554 0.005
32.566 0.005
32.577 0.005
32.588 0.004
32.599 0.004
32.611 0.004
32.622 0.004
32.633 0.004
32.644 0.004
32.656 0.004
32.667 0.004
32.678 0.004
32.689 0.004
32.701 0.004
32.712 0.004
32.723 0.004
32.734 0.004
32.746 0.004
32.757 0.004
32.768 0.004
32.779 0.004
32.791 0.004
32.802 0.004
32.813 0.004
32.824 0.004
32.836 0.004
32.847 0.004
32.858 0.004
32.869 0.004
32.881 0.004
32.892 0.004
32.903 0.004
32.914 0.004
32.926 0.004
32.937 0.004
32.948 0.004
32.959 0.004
32.971 0.004
32.982 0.004
32.993 0.004
33.005 0.004
33.016 0.004
33.027 0.004
33.038 0.004
33.050 0.004
33.061 0.004
33.072 0.004
33.083 0.004
33.095 0.004
33.106 0.004
33.117 0.004
33.128 0.004
33.140 0.004
33.151 0.004
33.162 0.004
33.173 0.004
33.185 0.004
33.196 0.004
33.207 0.004
33.218 0.004
33.230 0.004
33.241 0.004
33.252 0.004
33.263 0.004
33.275 0.004
33.286 0.004
33.297 0.004
33.308 0.004
33.320 0.005
33.331 0.005
33.342 0.005
33.353 0.005
33.365 0.005
33.376 0.005
33.387 0.005
33.398 0.005
33.410 0.005
33.421 0.005
33.432 0.006
33.443 0.006
33.455 0.006
33.466 0.006
33.477 0.006
33.488 0.006
33.500 0.006
33.511 0.007
33.522 0.007
33.533 0.007
33.545 0.007
33.556 0.008
33.567 0.008
33.578 0.008
33.590 0.008
33.601 0.009
33.612 0.009
33.623 0.010
33.635 0.010
33.646 0.011
33.657 0.011
33.668 0.012
33.680 0.012
33.691 0.013
33.702 0.014
33.713 0.015
33.725 0.017
33.736 0.018
33.747 0.020
33.758 0.022
33.770 0.025
33.781 0.028
33.792 0.033
33.803 0.038
33.815 0.043
33.826 0.050
33.837 0.059
33.848 0.068
33.860 0.078
33.871 0.090
33.882 0.103
33.893 0.117
33.905 0.132
33.916 0.147
33.927 0.162
33.938 0.176
33.950 0.190
33.961 0.201
33.972 0.211
33.983 0.217
33.995 0.220
34.006 0.220
34.017 0.217
34.029 0.210
34.040 0.201
34.051 0.189
34.062 0.175
34.074 0.161
34.085 0.146
34.096 0.131
34.107 0.116
34.119 0.102
34.130 0.089
34.141 0.078
34.152 0.067
34.164 0.058
34.175 0.050
34.186 0.043
34.197 0.037
34.209 0.032
34.220 0.028
34.231 0.025
34.242 0.022
34.254 0.020
34.265 0.018
34.276 0.016
34.287 0.015
34.299 0.014
34.310 0.013
34.321 0.012
34.332 0.011
34.344 0.011
34.355 0.010
34.366 0.010
34.377 0.009
34.389 0.009
34.400 0.008
34.411 0.008
34.422 0.008
34.434 0.007
34.445 0.007
34.456 0.007
34.467 0.007
34.479 0.006
34.490 0.006
34.501 0.006
34.512 0.006
34.524 0.006
34.535 0.005
34.546 0.005
34.557 0.005
34.569 0.005
34.580 0.005
34.591 0.005
34.602 0.005
34.614 0.004
34.625 0.004
34.636 0.004
34.647 0.004
34.659 0.004
34.670 0.004
34.681 0.004
34.692 0.004
34.704 0.004
34.715 0.004
34.726 0.004
34.737 0.003
34.749 0.003
34.760 0.003
34.771 0.003
34.782 0.003
34.794 0.003
34.805 0.003
34.816 0.003
34.827 0.003
34.839 0.003
34.850 0.003
34.861 0.003
34.872 0.003
34.884 0.003
34.895 0.003
34.906 0.003
34.917 0.003
34.929 0.003
34.940 0.003
34.951 0.003
34.962 0.003
34.974 0.003
34.985 0.003
34.996 0.003
35.008 0.003
35.019 0.002
35.030 0.002
35.041 0.002
35.053 0.002
35.064 0.002
35.075 0.002
35.086 0.002
35.098 0.002
35.109 0.002
35.120 0.002
35.131 0.002
35.143 0.002
35.154 0.002
35.165 0.002
35.176 0.002
35.188 0.002
35.199 0.002
35.210 0.002
35.221 0.002
35.233 0.002
35.244 0.002
35.255 0.002
35.266 0.002
35.278 0.002
35.289 0.002
35.300 0.002
35.311 0.002
35.323 0.002
35.334 0.002
35.345 0.002
35.356 0.002
35.368 0.002
35.379 0.002
35.390 0.002
35.401 0.002
35.413 0.002
35.424 0.002
35.435 0.002
35.446 0.002
35.458 0.002
35.469 0.002
35.480 0.002
35.491 0.002
35.503 0.002
35.514 0.002
35.525 0.002
35.536 0.002
35.548 0.002
35.559 0.002
35.570 0.002
35.581 0.002
35.593 0.002
35.604 0.002
35.615 0.002
35.626 0.002
35.638 0.002
35.649 0.002
35.660 0.002
35.671 0.002
35.683 0.002
35.694 0.002
35.705 0.002
35.716 0.002
35.728 0.002
35.739 0.002
35.750 0.002
35.761 0.002
35.773 0.002
35.784 0.002
35.795 0.002
35.806 0.002
35.818 0.002
35.829 0.002
35.840 0.002
35.851 0.003
35.863 0.003
35.874 0.003
35.885 0.003
35.896 0.003
35.908 0.003
35.919 0.003
35.930 0.003
35.941 0.003
35.953 0.003
35.964 0.003
35.975 0.003
35.986 0.003
35.998 0.003
36.009 0.003
36.020 0.003
36.032 0.003
36.043 0.003
36.054 0.003
36.065 0.003
36.077 0.003
36.088 0.003
36.099 0.003
36.110 0.003
36.122 0.003
36.133 0.003
36.144 0.003
36.155 0.004
36.167 0.004
36.178 0.004
36.189 0.004
36.200 0.004
36.212 0.004
36.223 0.004
36.234 0.004
36.245 0.004
36.257 0.004
36.268 0.004
36.279 0.004
36.290 0.005
36.302 0.005
36.313 0.005
36.324 0.005
36.335 0.005
36.347 0.005
36.358 0.005
36.369 0.005
36.380 0.006
36.392 0.006
36.403 0.006
36.414 0.006
36.425 0.006
36.437 0.006
36.448 0.007
36.459 0.007
36.470 0.007
36.482 0.007
36.493 0.008
36.504 0.008
36.515 0.008
36.527 0.008
36.538 0.009
36.549 0.009
36.560 0.010
36.572 0.010
36.583 0.010
36.594 0.011
36.605 0.011
36.617 0.012
36.628 0.013
36.639 0.013
36.650 0.014
36.662 0.015
36.673 0.016
36.684 0.017
36.695 0.018
36.707 0.019
36.718 0.021
36.729 0.023
36.740 0.025
36.752 0.028
36.763 0.031
36.774 0.035
36.785 0.040
36.797 0.047
36.808 0.054
36.819 0.062
36.830 0.073
36.842 0.084
36.853 0.098
36.864 0.113
36.875 0.130
36.887 0.148
36.898 0.168
36.909 0.188
36.920 0.208
36.932 0.229
36.943 0.248
36.954 0.265
36.965 0.280
36.977 0.291
36.988 0.299
36.999 0.301
37.011 0.299
37.022 0.293
37.033 0.282
37.044 0.268
37.056 0.251
37.067 0.232
37.078 0.212
37.089 0.191
37.101 0.171
37.112 0.151
37.123 0.133
37.134 0.116
37.146 0.101
37.157 0.087
37.168 0.075
37.179 0.065
37.191 0.056
37.202 0.049
37.213 0.042
37.224 0.037
37.236 0.033
37.247 0.030
37.258 0.027
37.269 0.025
37.281 0.023
37.292 0.021
37.303 0.020
37.314 0.019
37.326 0.018
37.337 0.017
37.348 0.016
37.359 0.016
37.371 0.015
37.382 0.015
37.393 0.014
37.404 0.014
37.416 0.014
37.427 0.013
37.438 0.013
37.449 0.013
37.461 0.013
37.472 0.013
37.483 0.012
37.494 0.012
37.506 0.012
37.517 0.012
37.528 0.012
37.539 0.012
37.551 0.012
37.562 0.013
37.573 0.013
37.584 0.013
37.596 0.013
37.607 0.013
37.618 0.014
37.629 0.014
37.641 0.014
37.652 0.015
37.663 0.015
37.674 0.016
37.686 0.017
37.697 0.018
37.708 0.019
37.719 0.020
37.731 0.022
37.742 0.024
37.753 0.026
37.764 0.029
37.776 0.032
37.787 0.036
37.798 0.041
37.809 0.047
37.821 0.055
37.832 0.063
37.843 0.073
37.854 0.085
37.866 0.097
37.877 0.111
37.888 0.127
37.899 0.143
37.911 0.160
37.922 0.177
37.933 0.194
37.944 0.209
37.956 0.224
37.967 0.236
37.978 0.244
37.989 0.250
38.001 0.252
38.012 0.249
38.023 0.243
38.035 0.234
38.046 0.222
38.057 0.207
38.068 0.191
38.080 0.174
38.091 0.157
38.102 0.140
38.113 0.124
38.125 0.109
38.136 0.095
38.147 0.082
38.158 0.071
38.170 0.061
38.181 0.052
38.192 0.045
38.203 0.039
38.215 0.034
38.226 0.030
38.237 0.026
38.248 0.024
38.260 0.021
38.271 0.019
38.282 0.018
38.293 0.016
38.305 0.015
38.316 0.014
38.327 0.013
38.338 0.013
38.350 0.012
38.361 0.011
38.372 0.011
38.383 0.010
38.395 0.010
38.406 0.009
38.417 0.009
38.428 0.009
38.440 0.008
38.451 0.008
38.462 0.008
38.473 0.007
38.485 0.007
38.496 0.007
38.507 0.007
38.518 0.006
38.530 0.006
38.541 0.006
38.552 0.006
38.563 0.006
38.575 0.005
38.586 0.005
38.597 0.005
38.608 0.005
38.620 0.005
38.631 0.005
38.642 0.005
38.653 0.004
38.665 0.004
38.676 0.004
38.687 0.004
38.698 0.004
38.710 0.004
38.721 0.004
38.732 0.004
38.743 0.004
38.755 0.004
38.766 0.004
38.777 0.004
38.788 0.003
38.800 0.003
38.811 0.003
38.822 0.003
38.833 0.003
38.845 0.003
38.856 0.003
38.867 0.003
38.878 0.003
38.890 0.003
38.901 0.003
38.912 0.003
38.923 0.003
38.935 0.003
38.946 0.003
38.957 0.003
38.968 0.003
38.980 0.003
38.991 0.003
39.002 0.003
39.014 0.003
39.025 0.003
39.036 0.002
39.047 0.002
39.059 0.002
39.070 0.002
39.081 0.002
39.092 0.002
39.104 0.002
39.115 0.002
39.126 0.002
39.137 0.002
39.149 0.002
39.160 0.002
39.171 0.002
39.182 0.002
39.194 0.002
39.205 0.002
39.216 0.002
39.227 0.002
39.239 0.002
39.250 0.002
39.261 0.002
39.272 0.002
39.284 0.002
39.295 0.002
39.306 0.002
39.317 0.002
39.329 0.002
39.340 0.002
39.351 0.002
39.362 0.002
39.374 0.002
39.385 0.002
39.396 0.002
39.407 0.002
39.419 0.002
39.430 0.002
39.441 0.002
39.452 0.002
39.464 0.002
39.475 0.002
39.486 0.002
39.497 0.002
39.509 0.002
39.520 0.002
39.531 0.002
39.542 0.002
39.554 0.002
39.565 0.002
39.576 0.002
39.587 0.002
39.599 0.002
39.610 0.002
39.621 0.002
39.632 0.002
39.644 0.002
39.655 0.002
39.666 0.002
39.677 0.002
39.689 0.002
39.700 0.002
39.711 0.002
39.722 0.002
39.734 0.002
39.745 0.002
39.756 0.002
39.767 0.002
39.779 0.002
39.790 0.002
39.801 0.002
39.812 0.002
39.824 0.002
39.835 0.002
39.846 0.002
39.857 0.002
39.869 0.002
39.880 0.002
39.891 0.002
39.902 0.002
39.914 0.002
39.925 0.002
39.936 0.003
39.947 0.003
39.959 0.003
39.970 0.003
39.981 0.003
39.992 0.003
40.004 0.003
40.015 0.003
40.026 0.003
40.038 0.003
40.049 0.003
40.060 0.003
40.071 0.003
40.083 0.003
40.094 0.003
40.105 0.003
40.116 0.003
40.128 0.003
40.139 0.003
40.150 0.003
40.161 0.003
40.173 0.004
40.184 0.004
40.195 0.004
40.206 0.004
40.218 0.004
40.229 0.004
40.240 0.004
40.251 0.004
40.263 0.004
40.274 0.004
40.285 0.004
40.296 0.005
40.308 0.005
40.319 0.005
40.330 0.005
40.341 0.005
40.353 0.005
40.364 0.005
40.375 0.006
40.386 0.006
40.398 0.006
40.409 0.006
40.420 0.006
40.431 0.006
40.443 0.007
40.454 0.007
40.465 0.007
40.476 0.007
40.488 0.008
40.499 0.008
40.510 0.008
40.521 0.009
40.533 0.009
40.544 0.009
40.555 0.010
40.566 0.010
40.578 0.011
40.589 0.011
40.600 0.012
40.611 0.013
40.623 0.013
40.634 0.014
40.645 0.015
40.656 0.016
40.668 0.017
40.679 0.018
40.690 0.019
40.701 0.020
40.713 0.022
40.724 0.024
40.735 0.027
40.746 0.030
40.758 0.033
40.769 0.038
40.780 0.043
40.791 0.049
40.803 0.057
40.814 0.067
40.825 0.077
40.836 0.090
40.848 0.105
40.859 0.122
40.870 0.140
40.881 0.161
40.893 0.183
40.904 0.206
40.915 0.230
40.926 0.254
40.938 0.277
40.949 0.299
40.960 0.317
40.971 0.332
40.983 0.343
40.994 0.349
41.005 0.349
41.017 0.344
41.028 0.333
41.039 0.318
41.050 0.300
41.062 0.279
41.073 0.256
41.084 0.232
41.095 0.208
41.107 0.185
41.118 0.162
41.129 0.142
41.140 0.123
41.152 0.106
41.163 0.091
41.174 0.078
41.185 0.067
41.197 0.058
41.208 0.050
41.219 0.043
41.230 0.038
41.242 0.033
41.253 0.030
41.264 0.027
41.275 0.024
41.287 0.022
41.298 0.020
41.309 0.019
41.320 0.018
41.332 0.017
41.343 0.016
41.354 0.015
41.365 0.014
41.377 0.013
41.388 0.012
41.399 0.012
41.410 0.011
41.422 0.011
41.433 0.010
41.444 0.010
41.455 0.009
41.467 0.009
41.478 0.009
41.489 0.008
41.500 0.008
41.512 0.008
41.523 0.007
41.534 0.007
41.545 0.007
41.557 0.006
41.568 0.006
41.579 0.006
41.590 0.006
41.602 0.006
41.613 0.005
41.624 0.005
41.635 0.005
41.647 0.005
41.658 0.005
41.669 0.005
41.680 0.005
41.692 0.004
41.703 0.004
41.714 0.004
41.725 0.004
41.737 0.004
41.748 0.004
41.759 0.004
41.770 0.004
41.782 0.004
41.793 0.003
41.804 0.003
41.815 0.003
41.827 0.003
41.838 0.003
41.849 0.003
41.860 0.003
41.872 0.003
41.883 0.003
41.894 0.003
41.905 0.003
41.917 0.003
41.928 0.003
41.939 0.003
41.950 0.002
41.962 0.002
41.973 0.002
41.984 0.002
41.995 0.002
42.007 0.002
42.018 0.002
42.029 0.002
42.041 0.002
42.052 0.002
42.063 0.002
42.074 0.002
42.086 0.002
42.097 0.002
42.108 0.002
42.119 0.002
42.131 0.002
42.142 0.002
42.153 0.002
42.164 0.002
42.176 0.002
42.187 0.002
42.198 0.002
42.209 0.002
42.221 0.002
42.232 0.002
42.243 0.002
42.254 0.002
42.266 0.002
42.277 0.001
42.288 0.001
42.299 0.001
42.311 0.001
42.322 0.001
42.333 0.001
42.344 0.001
42.356 0.001
42.367 0.001
42.378 0.001
42.389 0.001
42.401 0.001
42.412 0.001
42.423 0.001
42.434 0.001
42.446 0.001
42.457 0.001
42.468 0.001
42.479 0.001
42.491 0.001
42.502 0.001
42.513 0.001
42.524 0.001
42.536 0.001
42.547 0.001
42.558 0.001
42.569 0.001
42.581 0.001
42.592 0.001
42.603 0.001
42.614 0.001
42.626 0.001
42.637 0.001
42.648 0.001
42.659 0.001
42.671 0.001
42.682 0.001
42.693 0.001
42.704 0.001
42.716 0.001
42.727 0.001
42.738 0.001
42.749 0.001
42.761 0.001
42.772 0.001
42.783 0.001
42.794 0.001
42.806 0.001
42.817 0.001
42.828 0.001
42.839 0.001
42.851 0.001
42.862 0.001
42.873 0.001
42.884 0.001
42.896 0.001
42.907 0.001
42.918 0.001
42.929 0.001
42.941 0.001
42.952 0.001
42.963 0.001
42.974 0.001
42.986 0.001
42.997 0.001
43.008 0.001
43.020 0.001
43.031 0.001
43.042 0.001
43.053 0.001
43.065 0.001
43.076 0.001
43.087 0.001
43.098 0.001
43.110 0.001
43.121 0.001
43.132 0.001
43.143 0.001
43.155 0.001
43.166 0.001
43.177 0.001
43.188 0.001
43.200 0.001
43.211 0.001
43.222 0.001
43.233 0.001
43.245 0.001
43.256 0.001
43.267 0.001
43.278 0.001
43.290 0.001
43.301 0.001
43.312 0.001
43.323 0.001
43.335 0.001
43.346 0.001
43.357 0.001
43.368 0.001
43.380 0.001
43.391 0.001
43.402 0.001
43.413 0.001
43.425 0.001
43.436 0.001
43.447 0.001
43.458 0.001
43.470 0.001
43.481 0.001
43.492 0.001
43.503 0.001
43.515 0.001
43.526 0.001
43.537 0.001
43.548 0.001
43.560 0.001
43.571 0.001
43.582 0.000
43.593 0.000
43.605 0.000
43.616 0.000
43.627 0.000
43.638 0.000
43.650 0.000
43.661 0.000
43.672 0.000
43.683 0.000
43.695 0.000
43.706 0.000
43.717 0.000
43.728 0.000
43.740 0.000
43.751 0.000
43.762 0.000
43.773 0.000
43.785 0.000
43.796 0.000
43.807 0.000
43.818 0.000
43.830 0.000
43.841 0.000
43.852 0.000
43.863 0.000
43.875 0.000
43.886 0.000
43.897 0.000
43.908 0.000
43.920 0.000
43.931 0.000
43.942 0.000
43.953 0.000
43.965 0.000
43.976 0.000
43.987 0.000
43.998 0.000
44.010 0.000
44.021 0.000
44.032 0.000
44.044 0.000
44.055 0.000
44.066 0.000
44.077 0.000
44.089 0.000
44.100 0.000
44.111 0.000
44.122 0.000
44.134 0.000
44.145 0.000
44.156 0.000
44.167 0.000
44.179 0.000
44.190 0.000
44.201 0.000
44.212 0.000
44.224 0.000
44.235 0.000
44.246 0.000
44.257 0.000
44.269 0.000
44.280 0.000
44.291 0.000
44.302 0.000
44.314 0.000
44.325 0.000
44.336 0.000
44.347 0.000
44.359 0.000
44.370 0.000
44.381 0.000
44.392 0.000
44.404 0.000
44.415 0.000
44.426 0.000
44.437 0.000
44.449 0.000
44.460 0.000
44.471 0.000
44.482 0.000
44.494 0.000
44.505 0.000
44.516 0.000
44.527 0.000
44.539 0.000
44.550 0.000
44.561 0.000
44.572 0.000
44.584 0.000
44.595 0.000
44.606 0.000
44.617 0.000
44.629 0.000
44.640 0.000
44.651 0.000
44.662 0.000
44.674 0.000
44.685 0.000
44.696 0.000
44.707 0.000
44.719 0.000
44.730 0.000
44.741 0.000
44.752 0.000
44.764 0.000
44.775 0.000
44.786 0.000
44.797 0.000
44.809 0.000
44.820 0.000
44.831 0.000
44.842 0.000
44.854 0.000
44.865 0.000
44.876 0.000
44.887 0.000
44.899 0.000
44.910 0.000
44.921 0.000
44.932 0.000
44.944 0.000
44.955 0.000
44.966 0.000
44.977 0.000
44.989 0.000
45.000 0.000
